#version
dev_0.1
#ground
104.0
#mapSize
4239.422
#flag
4169.422,475.99994
#background
City/Classic City/city_,4
#coins
3831.1394,177.01605	3749.6575,377.01605	3719.2874,571.8309	3938.5464,576.2753	3914.843,378.49753	4165.954,284.42346	3581.48,267.3864	3408.1467,269.60864	3209.6282,267.3864	3365.9243,465.16418	3464.4429,466.64566	3562.9614,467.38638	3565.1836,564.42346	3460.7393,559.979	3371.8503,555.53455	3069.0027,409.60864	2907.7424,540.7197	2650.5283,539.2383	393.8905,353.31235	545.00165,354.0531	715.372,353.31235	2695.6326,342.942	2694.8918,215.53458	2691.929,93.312355	2758.5955,32.0	2844.5215,32.0	2925.2622,32.0	2877.8547,32.0	2798.5955,32.0	4207.422,32.0	4140.741,32.0	4068.8896,32.0	3988.8896,32.0	3834.0747,32.0	3910.371,32.0	4165.927,181.4605	711.6683,551.8309	545.7424,549.60864	389.44608,546.6457	1094.9836,405.1642	1966.3661,34.053097	1853.7737,32.0	1721.9218,32.0	1578.2181,32.0	1641.9218,32.0	1787.1069,32.0	2294.7998,422.20123	2433.3184,425.16418	2363.6887,240.71976	2087.662,529.60864	1665.5295,357.7568	1894.9872,434.79382	1378.6925,476.2753
#platform
3762.5034,506.37033,132.59259,109.62963	3770.6516,414.79382,117.037025,92.59259	3780.2812,339.23828,99.259254,74.81481	3793.009,268.12717,74.81481,70.37037	3801.7844,214.79384,55.555553,53.333332	3789.2483,28.86791,450.37036,43.703705	3172.4263,304.42346,463.70374,118.51852	3142.2207,407.3864,182.96297,111.85185	3141.48,506.37033,183.7037,109.62963	3630.6184,0.0,67.40741,56.296295	3631.3591,54.053097,66.666664,62.22222	2715.281,52.571613,276.2963,174.07407	2960.6533,34.053097,30.370369,21.481482	2961.394,11.830875,27.407408,22.962961	2957.6904,0.0,35.555553,20.0	2993.4072,0.7197641,637.7776,9.629629	2714.5403,218.49754,278.51852,192.59259	2685.6726,333.31235,29.62963,17.777777	293.8905,394.0531,525.9259,84.44444	991.6734,473.31235,225.92592,142.96297	985.3206,138.49754,241.48148,153.33333	982.80804,0.0,250.37036,171.85185	2307.7363,294.79382,125.18518,82.96296	2256.6475,469.6086,230.37036,99.259254	2488.611,-2.9839394,54.814816,30.370369	2488.5334,26.645689,56.296295,35.555553	2128.1545,-0.7617173,365.18518,25.925926	1549.7247,74.05309,468.1481,105.18518	1559.8716,397.01605,224.11711,156.2963	1559.4104,467.85184,234.07405,148.14815
#message
"LE CAPITALISME SACRIFIE L'HOMME...	LE COMMUNISME SACRIFIE LES DROITS	DE L'HOMME."	 	. . .	 	— FIDEL CASTRO
