#version
dev_0.1
#ground
104.0
#mapSize
2800.7695
#flag
2730.7695,475.99997
#background
City/Classic City/city_,4
#coins
425.91263,111.83087	426.65338,43.11111	588.36725,43.851852	588.36725,112.57161	665.52527,44.592594	738.8586,43.851852	738.8586,111.09013	814.4141,42.37037	889.0334,41.629627	888.2926,111.83087	960.1445,42.37037	1111.5575,41.62963	1114.5205,112.57161	1187.9707,43.851852	1267.23,42.37037	1267.23,111.83087	1345.0078,43.11111	503.5111,43.851852	502.77036,112.57161	665.73334,111.83087	812.8965,111.09013	957.9008,111.09013	1190.6925,113.312355	1345.4999,111.83087	1426.2406,41.62963	1426.2406,111.83087	1501.0693,40.88889	1501.81,111.83087	1578.1183,41.62963	1579.5997,111.83087	1649.7522,43.11111	1651.2336,113.312355	1794.1967,112.57161	1796.4188,40.88889	1868.2708,40.888885	1863.4507,112.57161	1941.9692,41.62963	1943.4507,111.09013	2018.8334,42.37037	2018.8334,112.57161	2165.5,40.88889	2165.5,112.57161	2241.5554,42.37037	2239.3333,112.57161	2309.9338,42.37037	2309.9338,112.57161	2381.045,42.37037	2381.7856,112.57161	2451.537,41.62963	2452.2778,112.57161	2523.6199,111.83087	2521.3977,41.62963	2090.794,42.37037	2091.535,111.09013	1035.2545,42.37037	1033.7731,112.57161	2660.1257,40.148148	2660.8665,111.09013	1723.8643,39.979023	1722.3828,112.57161	2590.7756,40.71976	2592.9978,111.09013	343.2933,319.979	689.44604,557.7568	1069.446,414.0531	1719.6924,542.94196	2100.8596,561.4605	1920.6859,295.53458	2722.659,285.90494
#platform
223.52014,0.0,158.51851,93.33333	223.52014,72.57161,159.25926,71.85185	223.52014,144.42346,2579.0393,94.07407	2700.1257,0.0,99.259254,62.962963	2699.385,58.49754,100.0,62.22222	2700.1257,88.12717,100.74074,68.888885	366.4831,-0.020976596,2334.417,5.185185	237.59422,392.5716,199.25926,108.888885	236.85347,498.96292,200.74074,117.03703	589.44604,237.75679,185.18518,129.62962	588.7053,348.12717,185.92592,119.259254	972.4999,237.01605,208.14815,97.77778	979.8445,496.74072,200.0,119.259254	1356.3473,504.88885,162.96297,111.11111	1588.3926,371.09012,201.48148,92.59259	1468.5813,439.23828,209.62962,114.07407	1468.5813,505.6296,209.62962,110.37037	2045.7247,372.5716,205.92592,86.666664	2161.2803,430.3494,237.03703,92.59259	2160.4407,518.22217,388.14813,97.77778
#message
"PLUS DE 80% DE LA RICHESSE	MONDIALE VA AU 1% LES PLUS RICHES"	 	. . .	 	— LE FIGARO.FR
