#version
dev_0.1
#ground
104.0
#mapSize
3519.0378
#flag
3449.0378,475.99997
#background
City/Classic City/city_,4
#coins
831.6683,289.60864	953.1498,288.86792	1091.6683,291.83087	1084.2609,431.09012	945.0016,419.979	822.7794,422.942	820.5572,542.94196	932.409,539.979	1089.446,542.20123	590.92755,279.23828	927.9646,81.4605	355.37198,431.09012	1472.0143,203.68272	1842.417,206.64569	3444.5396,275.53458	2893.7512,444.42346	2798.9365,368.8679	2692.4675,450.3494	2622.0093,548.12714	2976.4075,548.8679	2892.4045,308.12717	2972.4045,262.20123	3054.6267,304.42346	3139.071,362.942	3213.886,438.49753	3275.3674,539.2383	2706.8918,306.6457	2629.8547,251.83087	2547.6326,301.4605	2469.8547,368.8679	2381.5342,447.3864	2297.0896,539.979	2550.1116,449.60864	3056.2231,448.12717	3321.9314,32.0	3256.0054,32.0	3193.0425,32.0	3127.8572,32.0	3062.6707,32.0	2822.2415,32.0	2888.1675,32.0	2951.871,32.0	3006.686,32.0	3405.2046,32.0	3487.0376,32.0	3403.2898,114.05309	3487.0376,114.79384	3487.0376,195.53458	3401.8083,193.31235
#platform
336.8535,479.23828,363.7037,137.77777	423.52014,406.6457,277.03702,134.07407	485.74237,336.2753,214.8148,130.37036	256.8535,543.68274,284.44443,71.85185	711.9631,307.3864,39.25926,0.0	710.48157,248.8679,37.77778,0.0	709.74084,279.23828,41.48148,0.0	708.25934,129.60864,468.14813,93.33333	1128.136,225.90494,47.407406,33.333332	1128.136,257.7568,48.148148,34.814816	1127.3953,292.5716,49.629627,32.59259	1128.8767,572.5716,52.59259,43.703705	1128.136,536.2753,54.074074,35.555553	1128.136,497.01605,52.59259,39.25926	1160.7152,263.6827,43.703705,6.6666665	1194.7477,263.6827,41.48148,6.6666665	1224.4734,262.20123,774.8148,98.51852	1128.9128,222.20123,45.925926,2.9629629	2180.3162,62.201244,1175.3727,122.96296
#message
"DANS L'ÉCONOMIE CAPITALISTE, L'ARGENT EST ROI :	L'HOMME NE REPRENDRA CONTACT DIRECT	ET AUTHENTIQUE AVEC L'HOMME QU'EN SUPPRIMANT	LA MÉDIATION ALIÉNANTE DE L'ARGENT."	 	. . .	 	— RAYMOND ARON
