#version
dev_0.1
#ground
104.0
#mapSize
5680.458
#flag
5610.458,475.99997
#background
City/Classic City/city_,4
#coins
5241.3813,325.90494	5241.3813,444.42346	5242.8633,556.2753	4891.011,353.31235	4609.53,505.90494	5116.1963,504.42346	4357.6064,354.0531	5595.1714,257.7568	5286.08,114.05309	4834.8877,99.97902	4403.5063,109.60865	4031.734,245.90494	3770.9932,368.12717	1151.912,74.05309	1104.5269,74.05309	510.45282,386.6457	1126.7491,32.0	1898.3552,32.0	1869.4663,32.0	1827.244,32.0	1793.17,32.0	3400.4758,343.6827	3403.439,52.571613	3041.7903,200.71976	3052.9014,533.3123	2688.4573,351.83087	2704.0127,50.349392	2417.5547,221.4605	2128.6658,377.7568	2132.3696,64.42346	746.4831,210.3494	684.26086,210.3494
#platform
5344.636,541.9259,178.51851,74.07407	5338.71,471.83087,180.0,71.85185	5336.488,394.0531,178.51851,79.259254	5331.3027,325.90494,179.25926,69.62963	5327.903,251.83087,176.2963,74.81481	4240.5835,177.01605,1253.3268,74.81481	5068.8926,251.83087,96.296295,138.51851	4832.6177,529.60864,116.296295,85.18518	4832.6177,457.7568,116.296295,71.85185	4581.4336,250.34938,97.03703,131.11111	4293.908,539.979,123.703705,74.81481	4293.908,471.09012,123.703705,68.888885	3959.8892,328.12717,194.8148,78.51852	3671.3584,439.979,201.48148,83.703705	238.33496,-0.7617173,45.925926,402.96295	449.44608,430.3494,120.74074,44.444443	656.11273,244.42346,120.0,45.185184	1067.1345,98.497536,123.703705,46.666664	1779.4576,45.904945,122.22222,48.88889	1779.5549,91.555534,120.74074,524.44446	2323.1284,291.09012,205.18518,94.81481	2617.9277,115.53458,208.14815,108.888885	2617.9675,436.2753,207.40741,107.4074	2027.6395,120.71976,206.66666,109.62963	2026.1656,440.71976,205.92592,100.74074	2932.4521,275.53458,226.03099,117.77778	3296.8997,114.05309,208.88889,105.18518	3300.3,404.42346,212.59259,114.81481
#message
 "LE GRAND PROBLÈME DE LA PRODUCTION CAPITALISTE 	N'EST PLUS DE TROUVER DES PRODUCTEURS ET DE	DÉCUPLER LEURS FORCES, MAIS DE DÉCOUVRIR	DES CONSOMMATEURS, D'EXCITER LEURS APPÉTITS	ET DE LEUR CRÉER DES BESOINS FACTIVES."	 	. . .	 	— PAUL LAFARGUE
